No GPU found. Running on CPU.
public class Emirp {
    public static void main(String[] args) {
        for (int i = 13; i <= 120; i++) {
            System.out.println(i);
        }
    }
}

Output:
13 17 31 37 71 73 79 97 107 113
149 157 167 179 199 311 337 347 359 389
13 17 31 37 71 73 79 97 107 113
149 157 167 179 199 311 337 347 359 389
13 17 31 37 71 73 79 97 107 113
149 157 167 179 199 311 337 347 359 389
13 17 31 37 71 73 79 97 107 113
149 157 167 179 199 311 337 347 359 389
13 17 31 37 71 73 79 97 107 113
149 157 167 179 199 311 337 347 359 389
13 17 31 37 71 73 79 97 107 113
149 157 167 179 199 311 337 347 359 389
13 17 31 37 71 73 79 97 107 113
149 157 167 179 199 311 337 347 359 389
13 17 31 37 71 73 79 97 107 113
149 157 167 179 199 311 337 347 359 389
13 17 31 37 71 73 79 97 107 113
149 157 167 179 199 311 337 347 359 389
13 17 31 37 71 73 79 97 107 113
149 157 167 179 199 311 337 347 359 389
13 17 31 37 71 73 79 97 107 113
149 157 167 179 199 311 337 347 359 389
