
6.28 (Mersenne prime) : 2
2    3
3    7
5    31
31    31
31    31
31    31
31    31
31    31
31    31
31    31
31    31
31    31
31    31
31    31
31    31
31    31
31    31
31    31
31    31
31    31
31    31
31    31
31    31
31    31
31    31
31    31
31    31
31    31
31    31
31    31
31    31
31    31
31    31
31    31
31    31
31    31
31    31
31    31
31    31
31    31
31    31
31    31
31    31
31    31
31    31
31    31
31    31
31    31
31    31
31    31
31    31
31    31
31    31
31    31
31    31
31    31
31    31
31    31
31    31
31    31
31    31
31    31
31    31
31
